      0/29    0.413G   0.05135  0.009744         0    0.0611         1       800    0.4154    0.7176    0.4213    0.1382   0.09685   0.01071         0
      1/29    0.849G   0.03949  0.005559         0   0.04505         2       800     0.582     0.662    0.5725    0.2282   0.07976   0.01343         0
      2/29    0.849G   0.03885  0.005436         0   0.04429         1       800     0.935    0.8984    0.9468    0.4502   0.07494   0.01235         0
      3/29    0.849G   0.03415  0.005327         0   0.03948         0       800    0.9235    0.9508    0.9589    0.6226   0.06852   0.01187         0
      4/29    0.849G    0.0332  0.004897         0    0.0381         1       800    0.9768    0.9671    0.9841    0.6928   0.07269  0.009236         0
      5/29    0.849G   0.03067  0.004501         0   0.03517         4       800    0.9708    0.9836    0.9816    0.6776   0.06547   0.01065         0
      6/29    0.849G   0.03092   0.00454         0   0.03546         0       800    0.9836    0.9836    0.9929    0.7253   0.06503  0.009566         0
      7/29    0.849G   0.02981  0.004393         0   0.03421         3       800    0.9801    0.9738    0.9836    0.6781   0.06627   0.01005         0
      8/29    0.849G   0.03109  0.004602         0   0.03569         2       800    0.9901    0.9836    0.9934    0.6869    0.0652   0.01018         0
      9/29    0.849G   0.03015  0.004523         0   0.03467         1       800    0.9901    0.9836    0.9922    0.7286   0.06251   0.01001         0
     10/29    0.849G   0.02867  0.004227         0    0.0329         1       800    0.9869    0.9902    0.9928    0.6929   0.06277  0.009741         0
     11/29    0.849G   0.02796  0.004189         0   0.03215         4       800      0.99    0.9737    0.9936    0.7471   0.06277  0.009631         0
     12/29    0.849G   0.02781  0.004215         0   0.03203         4       800    0.9902    0.9934    0.9941    0.7147   0.05859   0.01054         0
     13/29    0.849G   0.02757  0.004353         0   0.03193         1       800    0.9933    0.9869    0.9938    0.7633   0.05688   0.01034         0
     14/29    0.849G   0.02685  0.004103         0   0.03095         0       800    0.9934    0.9902    0.9952    0.7439   0.05805  0.009927         0
     15/29    0.849G   0.02737  0.004072         0   0.03144         1       800    0.9934    0.9934    0.9954    0.7261    0.0586   0.01011         0
     16/29    0.849G   0.02613  0.004099         0   0.03022         5       800         1    0.9836    0.9958    0.7404    0.0597  0.009661         0
     17/29    0.849G   0.02717  0.004117         0   0.03129         2       800    0.9934    0.9902    0.9957    0.7551   0.05928  0.009692         0
     18/29    0.849G   0.02712  0.004169         0   0.03129         4       800    0.9901    0.9902    0.9957    0.7644   0.05716   0.01023         0
     19/29    0.849G   0.02623    0.0042         0   0.03043         6       800    0.9935    0.9967    0.9957    0.7897   0.05656   0.01003         0
     20/29    0.849G   0.02539  0.003991         0   0.02939         8       800    0.9934    0.9967    0.9958    0.7843   0.05623   0.01003         0
     21/29    0.849G   0.02635  0.004082         0   0.03043         1       800    0.9967    0.9901    0.9958    0.7937   0.05758  0.009864         0
     22/29    0.849G   0.02464  0.004001         0   0.02865         4       800         1    0.9869    0.9957    0.7894   0.05664  0.009603         0
     23/29    0.849G   0.02538   0.00401         0   0.02939         3       800         1    0.9901    0.9958    0.7857   0.05601   0.00968         0
     24/29    0.849G   0.02557   0.00406         0   0.02963         1       800    0.9967    0.9902    0.9958    0.7996   0.05561  0.009858         0
     25/29    0.849G   0.02473  0.004085         0   0.02882         1       800         1      0.99    0.9958     0.789   0.05469  0.009894         0
     26/29    0.849G   0.02505  0.004169         0   0.02922         2       800    0.9934    0.9934     0.996    0.7839   0.05521  0.009962         0
     27/29    0.849G   0.02591  0.004219         0   0.03013         2       800         1    0.9869    0.9959    0.8069   0.05456  0.009805         0
     28/29    0.849G    0.0252  0.004112         0   0.02931         3       800    0.9967    0.9901    0.9958    0.8113   0.05475  0.009893         0
     29/29    0.849G   0.02434  0.004258         0    0.0286         3       800    0.9902    0.9967    0.9959    0.8113    0.0546  0.009739         0
